$ 1 0.000005 10.20027730826997 50 5 50 5e-11
I 384 144 448 144 0 0.5 5
I 384 320 448 320 0 0.5 5
w 240 160 240 192 0
w 240 192 448 272 0
w 448 272 448 320 0
w 448 144 448 192 0
w 240 304 240 272 0
w 240 272 448 192 0
w 448 144 496 144 0
150 176 128 240 128 0 2 0 5
150 176 336 240 336 0 2 0 5
I 32 112 80 112 0 0.5 5
w 32 112 0 112 0
w 0 112 0 352 0
w 0 352 176 352 0
w 0 352 -64 352 0
w 176 144 128 144 0
w 128 320 176 320 0
w 128 240 96 240 0
w 128 240 128 144 0
w 128 240 128 320 0
152 240 144 384 144 0 2 0 5
152 240 320 384 320 0 2 0 5
150 16 240 96 240 0 2 0 5
w 16 256 -64 256 0
w 16 224 -64 224 0
w 80 112 176 112 0
L -64 352 -144 352 0 0 false 5 0
L -64 640 -144 640 0 0 false 5 0
w 80 400 176 400 0
w 16 512 -64 512 0
w 16 544 -64 544 0
150 16 528 96 528 0 2 0 5
152 240 608 384 608 0 2 0 5
152 240 432 384 432 0 2 0 5
w 128 528 128 608 0
w 128 528 128 432 0
w 128 528 96 528 0
w 128 608 176 608 0
w 176 432 128 432 0
w 0 640 -64 640 0
w 0 640 176 640 0
w 0 400 0 640 0
w 32 400 0 400 0
I 32 400 80 400 0 0.5 5
150 176 624 240 624 0 2 0 5
150 176 416 240 416 0 2 0 5
w 448 432 496 432 0
w 240 560 448 480 0
w 240 592 240 560 0
w 448 432 448 480 0
w 448 560 448 608 0
w 240 480 448 560 0
w 240 448 240 480 0
I 384 608 448 608 0 0.5 5
I 384 432 448 432 0 0.5 5
I 384 1008 448 1008 0 0.5 5
I 384 1184 448 1184 0 0.5 5
w 240 1024 240 1056 0
w 240 1056 448 1136 0
w 448 1136 448 1184 0
w 448 1008 448 1056 0
w 240 1168 240 1136 0
w 240 1136 448 1056 0
w 448 1008 496 1008 0
150 176 992 240 992 0 2 0 5
150 176 1200 240 1200 0 2 0 5
I 32 976 80 976 0 0.5 5
w 32 976 0 976 0
w 0 976 0 1216 0
w 0 1216 176 1216 0
w 0 1216 -64 1216 0
w 176 1008 128 1008 0
w 128 1184 176 1184 0
w 128 1104 96 1104 0
w 128 1104 128 1008 0
w 128 1104 128 1184 0
152 240 1008 384 1008 0 2 0 5
152 240 1184 384 1184 0 2 0 5
150 16 1104 96 1104 0 2 0 5
w 16 1120 -64 1120 0
w 16 1088 -64 1088 0
w 80 976 176 976 0
L -64 1216 -144 1216 0 0 false 5 0
L -64 928 -144 928 0 0 false 5 0
w 80 688 176 688 0
w 16 800 -64 800 0
w 16 832 -64 832 0
150 16 816 96 816 0 2 0 5
152 240 896 384 896 0 2 0 5
152 240 720 384 720 0 2 0 5
w 128 816 128 896 0
w 128 816 128 720 0
w 128 816 96 816 0
w 128 896 176 896 0
w 176 720 128 720 0
w 0 928 -64 928 0
w 0 928 176 928 0
w 0 688 0 928 0
w 32 688 0 688 0
I 32 688 80 688 0 0.5 5
150 176 912 240 912 0 2 0 5
150 176 704 240 704 0 2 0 5
w 448 720 496 720 0
w 240 848 448 768 0
w 240 880 240 848 0
w 448 720 448 768 0
w 448 848 448 896 0
w 240 768 448 848 0
w 240 736 240 768 0
I 384 896 448 896 0 0.5 5
I 384 720 448 720 0 0.5 5
w -64 224 -96 224 0
w -64 512 -96 512 0
w -64 800 -96 800 0
w -64 1088 -96 1088 0
w -64 1120 -64 832 0
w -96 1088 -96 800 0
w -96 800 -96 512 0
w -96 512 -96 224 0
w -64 832 -64 544 0
w -64 544 -64 256 0
w -64 256 -64 48 0
w -96 224 -96 80 0
w -64 48 -144 48 0
w -96 80 -144 80 0
L -144 48 -208 48 0 0 false 5 0
L -144 80 -208 80 0 0 false 5 0
