$ 1 0.01 0.23988752939670982 50 5 50 5e-11
165 160 176 192 176 6 4.999999950000001
v 224 48 224 144 0 0 40 5 0 0 0.5
g 224 48 224 16 0 0
w 288 208 288 144 0
w 288 144 224 144 0
w 256 336 256 400 0
g 256 400 256 432 0 0
w 160 272 144 272 0
c 144 352 144 400 0 0.000001 2.9527248040218175 0.001
w 224 336 224 352 0
c 224 352 224 400 0 1e-8 3.3333333333333335 0.001
w 144 400 224 400 0
w 224 400 256 400 0
r 144 208 144 272 0 100000
r 144 208 144 144 0 1000
w 160 144 224 144 0
w 144 144 160 144 0
w 160 208 144 208 0
w 160 304 144 304 0
w 144 352 144 304 0
w 144 304 144 272 0
w 400 352 400 304 0
w 416 304 400 304 0
w 416 208 400 208 0
w 400 144 416 144 0
w 416 144 480 144 0
r 400 208 400 144 0 1000000
w 480 400 512 400 0
w 400 400 480 400 0
c 480 352 480 400 0 1e-8 3.3333333333333335 0.001
w 480 336 480 352 0
c 400 352 400 400 0 1e-7 0.0007124228000475577 0.001
g 512 400 512 432 0 0
w 512 336 512 400 0
w 544 240 576 240 0
w 544 144 480 144 0
w 544 208 544 144 0
g 480 48 480 16 0 0
v 480 48 480 144 0 0 40 5 0 0 0.5
165 416 176 448 176 6 0
w 400 304 400 208 0
w 416 272 384 272 0
r 384 272 384 208 0 1000
w 384 208 384 144 0
w 400 144 384 144 0
w 384 400 400 400 0
s 352 320 352 400 0 1 true
w 864 240 864 528 0
w 688 208 688 144 0
r 688 272 688 208 0 1000
165 704 176 736 176 6 4.999999950000001
v 768 48 768 144 0 0 40 5 0 0 0.5
g 768 48 768 16 0 0
w 832 144 768 144 0
w 832 240 864 240 0
w 800 336 800 400 0
g 800 400 800 432 0 0
w 768 336 768 352 0
c 768 352 768 400 0 1e-8 3.3333333333333335 0.001
w 768 400 800 400 0
w 704 144 768 144 0
w 688 144 704 144 0
w 704 352 704 304 0
w 384 272 352 272 0
w 352 272 352 320 0
w 352 400 384 400 0
w 704 352 704 400 0
r 832 144 832 208 0 1000
w 704 400 768 400 0
w 688 272 704 272 0
w 688 272 688 448 0
S 768 448 768 496 0 1 false 0 2
w 768 448 768 400 0
w 688 448 688 496 0
w 688 496 752 496 0
w 832 208 832 496 0
w 784 496 832 496 0
w 864 528 192 528 0
w 576 240 576 512 0
w 288 240 288 496 0
w 576 512 176 512 0
w 176 512 176 624 0
w 192 528 192 592 0
150 320 592 400 592 0 2 5 5
w 288 496 288 576 0
w 288 576 320 576 0
w 192 592 192 608 0
w 192 608 320 608 0
w 192 608 192 672 0
w 192 672 240 672 0
I 240 672 320 672 0 0.5 5
150 320 688 400 688 0 2 0 5
w 176 624 176 704 0
w 176 704 320 704 0
w 400 592 464 592 0
152 464 640 560 640 0 2 5 5
w 400 688 464 688 0
w 464 592 464 624 0
w 464 688 464 656 0
w 560 640 640 640 0
150 640 656 736 656 0 2 5 5
w 640 672 576 672 0
w 576 672 576 736 0
w 64 736 64 176 0
w 64 176 64 144 0
L 64 144 64 32 0 0 false 5 0
w 64 736 400 736 0
I 400 736 496 736 0 0.5 5
w 496 736 576 736 0
w 736 656 784 656 0
w 784 656 784 608 0
w 784 608 864 608 0
I 784 656 864 656 0 0.5 5
